69327
8005
65524
15868
63433
65895
37492
34914
38649
71814
92460
5029
17621
85888
33087
16628
32074
80294
25295
85165
14485
27598
44174
75213
24740
67516
31154
14977
68856
97020
53813
81718
63396
26298
67344
82638
67377
97889
48110
80575
59771
33001
42822
57915
2076
36317
52052
31842
14912
48537
25058
94717
13111
81428
29646
50961
60278
47899
90850
81753
21976
57134
27938
90732
83295
19177
65426
32921
23718
74329
9401
88047
68888
36051
86367
94975
35037
28562
78533
9197
96169
63728
18134
43099
93185
77802
3030
95995
22596
26620
13663
90828
93522
68968
43272
87490
54584
21632
71544
71677