38901
91957
19391
33181
84416
48364
43010
1059
23615
12936
49645
8822
95668
18237
91323
30370
40251
43244
86004
19307
8444
87668
48316
96212
45282
44395
2900
58013
47236
67620
75463
22013
31158
79185
52125
67394
5044
11194
96237
91942
45527
90914
25375
32982
22463
2189
28996
30701
56890
80597
61437
34803
56844
32579
30395
34889
72734
28194
80213
71646
64572
67272
87139
2157
51639
14285
17505
96252
47454
74063
63811
69758
92412
78885
356
99595
88997
3592
90535
55964
42304
45172
46466
26124
44681
9659
89507
66320
41137
68664
56936
5637
44535
18332
90818
73968
33193
23415
2851
51881