67986
23771
89280
75315
49875
59049
98165
46034
26891
31333
62974
61854
99354
44130
7221
87487
72567
74688
18795
16074
49291
30123
46423
7614
46524
598
92883
41719
30728
17592
18245
86105
75287
92501
88665
31230
83008
22815
54410
79462
90116
11753
69239
70799
26834
37791
86935
24674
54334
14393
40205
41123
36940
70459
5564
35258
58716
63533
44183
3735
8283
20342
84539
86081
36640
66376
12313
21991
51264
52190
66525
39491
8035
36500
68386
86735
4596
57609
5114
24845
82719
26606
16056
4786
34872
28579
57403
29277
58958
15406
96734
54257
64022
30083
39360
40981
97491
90675
31570
8444
10453
84665
63679
12577
22313
57628
68932
45559
26877
15096
52089
81525
60138
43786
27136
67711
32423
79678
67436
32375
65213
59022
86982
66239
32399
73568
97173
60188
52138
95336
587
20134
98401
38492
22874
10642
71864
98417
37599
64492
6008
1307
74620
10142
61628
15374
48240
46416
90767
20279
7626
8251
86535
85147
79550
17400
27009
37761
961
7714
90098
43328
37921
60119
35505
8903
45053
4978
83266
61808
22742
63304
25329
48485
91550
41315
38162
63543
76269
13368
17266
48387
91666
91017
55703
89303
65296
78557
53243
67809
816
57300
10109
38955
48414
5640
46168
50986
46376
9014
78856
56952
43319
68515
4469
49655
93237
41592
5012
21815
83805
27545
80099
43828
7083
33497
15322
84448
61945
54058
95230
23262
14143
12426
40676
67650
3594
45867
79113
64081
75776
48907
49803
92806
75440
75581
59499
57605
90646
74841
23032
68252
36193
30660
69601
47385
26212
15206
20820
41631
37248
53498
81486
42591
24502
21253
60893
86190
39193
28547
76358
92588
40670
98931
83354
51423
90177
88705
59931
80631
30761
57994
27946
50260
1152
20726
3043
81361
69088
4052
34744
36153
1962
9252
94446
88176
33597
75173
88548
71207
5505
14930
36106
30161
59313
76869
64397
41191
37153
62735
24501
55656
70485
83424
64533
31941
71393
97944
43077
51320
78912
28017
37936
41511
30446
78886
16935
27057
91224
34353
49738
88736
65624
88941
18349
848
74446
33015
49949
68994
47489
25374
34312
86495
10029
77199
75305
37401
48171
75155
47977
26641
4493
60280
98711
40866
83292
13293
50318
99841
56668
64002
40831
20985
30930
91756
19563
46231
13142
21357
28416
91898
13977
23253
53113
74078
3040
73553
61371
83539
67692
76216
89345
80999
16948
8587
78080
25338
82579
28463
42014
36437
28839
17138
6706
42389
41133
70389
92806
24543
54734
36452
11669
72006
11697
82754
92573
54236
22734
11597
72718
31179
52177
68346
14703
53841
15
36890
55014
50798
56789
48897
65878
22564
16951
69073
35853
79660
66395
36595
53752
29149
57223
95698
98345
21238
64978
55155
41821
17132
83767
62566
36199
13108
47310
31676
81596
66904
9417
88511
35195
90278
55689
92474
81345
39191
53716
21644
36482
46436
6559
46467
65268
12252
82102
17736
94159
56342
11814
79369
66787
25010
85811
69560
43682
19682
42733
13278
31907
85492
88800
60389
49491
86851
63014
4874
33922
99411
12093
41686
29620
99190
61086
33129
85652
3238
99175
54528
45649
68844
59465
63766
29736
25609
6768
61243
33088
79179
60096
41102
75922
13201
21153
77274
97429
25932
35236
72111
82664
30083
57880
79674
57759
68803
27492
47088
92439
50622
2795
55700
80912
6576
89741
81772
9664
17001
38200
94142
4936
92049
52739
92763
19365
5968
94260
6927
99081
58362
2543
44363
47662
153
67732
40357
61837
373
56029
79109
10191
10627
56670
52736
14833
87694
67213
43509
34880
30310
34798
57845
10058
49817
74196
96054
58495
25779
28685
96881
841
92386
9357
75977
32970
59069
62442
87520
31901
35554
50816
43159
62388
82860
97718
48524
11502
63888
37691
42904
785
49561
36330
47966
9962
13003
29068
6968
10669
67926
75917
87003
70429
50996
88040
15305
67660
40252
67290
48144
13753
60854
69522
16555
91306
73356
93699
19265
4394
95708
16210
24354
28775
67267
41616
51740
94646
36356
90708
97455
40528
81456
18550
12638
46845
26648
40321
40467
32542
22246
28124
18928
22988
31026
5201
55217
945
89380
30338
12420
7230
91013
7429
49797
23563
20791
46134
30390
75244
52564
63844
59177
90032
70133
8966
41305
39338
99988
53545
91704
76634
42605
12590
65819
28298
44270
14633
46436
19290
71747
33155
18756
88996
61779
59089
79304
77900
24739
34935
71822
72615
54188
43209
66149
91539
63522
25056
95998
42200
3016
86294
27186
3121
1080
85908
1476
27676
69317
22554
11660
7489
50865
3367
50221
22710
50410
7858
9646
99501
11402
49096
28752
4054
53298
83481
96901
78139
38447
66935
83990
4438
99725
4690
27239
38035
41163
69046
32893
39238
37215
86341
27265
3157
99152
68115
43436
5681
83258
84142
90418
9521
76720
23528
38769
92207
2404
27145
67645
85505
60402
12599
57734
73821
13907
49154
85401
16785
7651
84140
39673
73529
20683
86046
66734
57626
44190
89067
36793
5317
48128
18360
23870
60106
15157
5411
72941
10236
38375
75582
60141
31243
12349
99304
22184
84112
5435
27289
74844
80910
65904
697
55399
79229
77304
52360
50641
23326
97345
61136
60627
38821
30451
45632
73922
99899
67910
56882
66632
89574
48619
94224
43218
19608
63343
43193
118
45428
6449
35011
54823
73160
36198
79265
66445
88639
11565
96548
78538
63291
46609
96688
26282
65509
71445
47595
59293
7855
71314
60827
81166
82939
92018
48830
79253
50222
22546
27039
78277
8884
13746
24450
84493
44969
22462
10936
52976
45759
58758
61630
37807
33279
91195
51029
25923
31591
38309
84977
93348
72727
50436
7763
89470
30363
27029
73382
44833
86699
4347
86633
29091
75382
80121
35600
43237
99134
61291
93237
36543
25926
50156
67110
43152
51413
41792
88909
42233
25787
11418
4782
86263
59330
13453
59328
27467
54748
27185
23831
68740
51551
37845
75358
735
43095
17803
47593
66738
60937
15474
87789
92645
40679
98221
10937
14020
40267
32804
79954
49985
27412
12010
41463
35644
3588
78319
3276
32010
7214
64727
82381
63307
66526
60530
53866
89662
8860
60128
95827
22565
59041
76259
18305
21711
64898
64040
13580
80961
18832
96775
31251
89550
88278
87900
36012
47597
30024
86218
44458
93653
36635
86598
91448
4696
45299
43736
10419
231
98427
60288
86772
4358
14689
19145
32768
5738
89140
16909
56778
6379
63548
20036
45646
92551